         0 0000000000 (  0)
         1 0000001010 ( 10)
         2 0000010100 ( 20)
         3 0000011110 ( 30)
         4 0000101000 ( 40)
         5 0000110010 ( 50)
         6 0000011110 ( 30)
         7 0000001010 ( 10)
         8 0000000000 (  0)
         9 0000011110 ( 30)
        10 0000100010 ( 34)
        11 0000001010 ( 10)
        12 0000000000 (  0)
        13 0000000001 (  1)
        14 0000000000 (  0)
        15 0011001000 (200)
        16 0000000000 (  0)
        17 0000000001 (  1)
        18 0000000010 (  2)
        19 0000000011 (  3)
        20 0000000011 (  3)
        21 0000000000 (  0)
        22 0000000000 (  0)
        23 0000001111 ( 15)
        24 0000001010 ( 10)
        25 0000011111 ( 31)
        26 0000010001 ( 17)
        27 0000111100 ( 60)
        28 0000000000 (  0)
        29 0000000001 (  1)
        30 0000000000 (  0)
        31 0000000000 (  0)
